1.80188875374724
1.96152183994126
2.01995031453294
2.06451060291256
2.25912878431369
2.28413170719347
2.30800416157227
2.46606243931873
2.5128910352791
2.53738705508914
2.57974261921641
2.7103604906115
2.73416159412151
2.73810064264364
2.74309534139068
2.78390988438391
2.82460611655435
2.8540267604012
2.86829553484571
2.9536596948547
2.99318100504331
3.03743272568696
3.10762648109951
3.1122891153587
3.1229190620506
3.17953446943557
3.18018267534896
3.20275526916181
3.2073514015887
3.30906282583354
3.32182369209386
3.33682476537762
3.42905691724361
3.47193198697059
3.54386357905841
3.57539011692777
3.60473498203597
3.66719386264114
3.83510953683247
3.84698724326953
3.91420195290405
3.92805916362738
3.95120940067267
3.9525682154697
3.97379251203976
3.97902595171283
3.9876057511138
3.98995281096532
4.02598403107951
4.03338298164813
4.03414367074944
4.05596664107461
4.07026534980395
4.09852587097374
4.11853416780402
4.15489306316177
4.15798802044087
4.16833439399352
4.19685457993175
4.19791126763512
4.20945663012954
4.21698230726746
4.22421003038173
4.24065637767832
4.25480442441384
4.25882852810608
4.28946497153321
4.29551350443721
4.3093736057102
4.33706272754901
4.39210541453435
4.40866427161086
4.41879469355901
4.43230026410515
4.44103729862854
4.47569192596118
4.48941706552164
4.52314271617918
4.52607274082323
4.5287533337147
4.5380426529658
4.55875633247445
4.56678911333943
4.57847296246443
4.5846129925059
4.59320217145804
4.5940352497251
4.59683802076347
4.61891418718727
4.622945854627
4.62844359697859
4.67698164556106
4.6784819493341
4.68240365138875
4.69523051600131
4.69766955314651
4.70000597465241
4.71336436810033
4.72468638483151
4.7383300448421
4.76891347872267
4.77731608802617
4.77802673974531
4.79135253405793
4.81154200226891
4.83160040856582
4.87327762104923
4.87779008162082
4.88774667323906
4.88805614710487
4.89333738140532
4.9227372282527
4.95021929585207
4.95126299697028
4.96873323678585
4.97648462686894
4.99162728502348
5.01185510603389
5.02011915317102
5.02745715996296
5.02749556527647
5.02801151834367
5.06784555283105
5.0871428683229
5.09553973268715
5.12582848714517
5.13646784100281
5.15940680835034
5.16508961218846
5.18408347157798
5.19800529655236
5.20484148627632
5.22167996838502
5.2245139495446
5.22703453906034
5.26062192784059
5.26678817457509
5.26784187043542
5.30219008630064
5.30706616476426
5.35308202549558
5.35915675304951
5.40235629668098
5.41503508475918
5.41700211904461
5.43581915946887
5.44311327652844
5.44525500158722
5.45136927870155
5.45151637693536
5.46083569306495
5.49418406299222
5.49961570604965
5.5059976342726
5.510253149115
5.53121943772421
5.54608957237202
5.57368833184802
5.57484262691823
5.59257363016483
5.6054744526964
5.63151151607187
5.67268636702811
5.68468358474958
5.69248323771334
5.7189639263675
5.76600445036784
5.77322858935893
5.77766173354753
5.79708543953508
5.81776854270799
5.82025644145752
5.83881641393087
5.85660798335543
5.87023477960244
5.87540768174094
5.89827504587441
5.91269585815124
5.91701743811039
5.91719007917827
5.92173683953884
5.92270213848459
5.93181396178261
5.93759098313022
5.94745043815605
5.95525514642277
5.9640657851188
5.99279125519207
6.01025248838298
6.02471573514939
6.02970522158059
6.03420467061578
6.03737048959145
6.0452027956875
6.06058483099608
6.09785158910958
6.13015044935367
6.19271135424327
6.21106267133823
6.22020931353122
6.2238880577308
6.22746264225772
6.23741541442523
6.23921294538077
6.24655121017731
6.25380447169852
6.25533418786551
6.25695230502556
6.26150731677916
6.26661029904908
6.29205665122363
6.29983255646039
6.3236220787769
6.34965001215667
6.35263699075022
6.3623578527957
6.37081049647658
6.38022680886051
6.38726964032361
6.43923019695461
6.46292546228351
6.49163767238881
6.50002888679956
6.50125565842371
6.54060659972914
6.55158308869546
6.5760497768351
6.57996414480641
6.57996901611845
6.58342203963134
6.58412130307884
6.58711486605365
6.58803733714266
6.58912559163527
6.59248056997547
6.59556231691162
6.59962781132145
6.61094381370601
6.61239555521388
6.61799862846481
6.61971849719373
6.63425842564669
6.66133562885066
6.66990230580215
6.67325566654615
6.71128556540349
6.73286440831439
6.74163885903425
6.75975596894098
6.76226847669867
6.76546559674997
6.76611901295498
6.77293176938736
6.77572129587253
6.78360170563484
6.79828368601381
6.8213941221996
6.82229513346286
6.83492583578971
6.83897307626917
6.83978365948198
6.84866882844674
6.86180897466713
6.86440799232693
6.86532646221758
6.8709420850906
6.87579982161694
6.91867440916491
6.92562620857217
6.92889589090062
6.94078716912557
6.94544335386671
6.94814458345294
6.98170411435063
6.98414623040503
6.98594937270952
6.98626256239371
7.00016382150301
7.00699762621599
7.01038811955114
7.01246730632773
7.01745566671906
7.02271053328303
7.0376470614558
7.03907468739904
7.04535057678273
7.05255078858469
7.0544557391486
7.06586594929489
7.06595529754116
7.07619296517289
7.09460328861888
7.09545478922797
7.09682719896006
7.10164530899417
7.13650590676266
7.14506815829028
7.1498513375778
7.15907614051115
7.16187393727593
7.16470829338512
7.19384213814187
7.20470018833985
7.21514802369874
7.22679855341833
7.23099833029776
7.25011504019527
7.26563850532913
7.28686753040825
7.29530144464399
7.30296661292848
7.30737866271287
7.31011937655531
7.32153292579385
7.32176607214696
7.33726444458227
7.34343800280027
7.35173917053994
7.3709363190486
7.38331432428479
7.39752554474191
7.40360422613109
7.4397284937323
7.44627437472639
7.45095588444047
7.46540497150624
7.46725726270619
7.47134331745713
7.47774345616268
7.47964047558134
7.47985844222144
7.48312549323971
7.49235609544565
7.49861200573663
7.50335071537991
7.50397144479522
7.50484851255305
7.51132537259816
7.52119270501353
7.56032762742352
7.56678380285812
7.56915878713725
7.5698864104687
7.5762155816685
7.59877635998886
7.60291235200513
7.60747197754801
7.64433956285381
7.66912667744161
7.67536342675013
7.68998502537684
7.69349872774807
7.6977045195393
7.70861169648726
7.70942337298701
7.72163215695555
7.76182779245034
7.76680531971919
7.78331524855761
7.78957463443049
7.79166613088282
7.80039786653982
7.8056539381044
7.8154754003311
7.81962736769359
7.82090496796483
7.85188762068599
7.8639422419569
7.86988734967895
7.87782041150195
7.88044919116112
7.8828158548972
7.88293327841841
7.89500971805761
7.9066234190723
7.92712417100774
7.93749941013776
7.93797276405976
7.94910027539864
7.97789039347103
7.98284184726023
7.98728455777699
7.99471183516041
8.01304493354335
8.0201396397892
8.02113804859132
8.03679403473576
8.04321345783004
8.0448907551328
8.05922242981998
8.06184084387135
8.07225843474449
8.07239293775748
8.07484730350105
8.07829690950541
8.08020793614276
8.08254559536146
8.09361448819307
8.09390244651357
8.0988637090094
8.11868100945998
8.13353031058903
8.13812742202697
8.14267385903878
8.19530482180291
8.20431936002703
8.20878343964568
8.21750962753915
8.2223302260001
8.22983533483902
8.26198802705497
8.26961277635237
8.27125334441028
8.29322463020784
8.29670895057691
8.30027587837342
8.30273877913589
8.33498443029623
8.34595952954306
8.34737783162424
8.35857098804239
8.36339689691947
8.36417416079038
8.37696651066007
8.38608351764087
8.38739094931139
8.3989853268722
8.42501560279813
8.43706905080597
8.4456389245441
8.44620690754575
8.45606533215304
8.47186828471696
8.48106212757705
8.4813535782009
8.4844101878073
8.50144339861368
8.50425740566708
8.54075377282118
8.55557787232104
8.55667651544937
8.57019323082124
8.57918825428051
8.5795398622857
8.61720420252358
8.61772738081827
8.62285614328643
8.62426351419378
8.63133167587787
8.64247747317298
8.64544386048876
8.65820341510213
8.66103402867979
8.66871063941671
8.67113531073622
8.67698007779563
8.68829494586668
8.69033350284717
8.69693243488325
8.69946221324904
8.72355005471879
8.74095955330901
8.75653602682667
8.7586190234275
8.77477253775251
8.78025477858388
8.78210032022288
8.79757822415501
8.8154760350184
8.81778919430471
8.82012636918429
8.83613935012855
8.8368900998211
8.84048308743201
8.85738440331387
8.87069964971593
8.87498580119609
8.90621529365467
8.90709941407067
8.91018459471081
8.91046939342473
8.91529613068098
8.93133311971276
8.95942432595664
8.96181197710858
8.99512960183526
8.99982323083768
9.00206052532387
9.00334900546727
9.00830171108865
9.00929554871511
9.01388139938649
9.01418040704007
9.01419023365066
9.02590464185773
9.03011873168748
9.04281892913795
9.04596378015298
9.05132143980694
9.05744261316027
9.06210066610941
9.06797128399117
9.09944045607713
9.10821313683343
9.11184036984258
9.11965702726298
9.12090320860228
9.13048547751534
9.13229989579934
9.13595437631182
9.14965692589677
9.15714482823275
9.16266540862487
9.16688838024621
9.19545948813112
9.19578415854483
9.196954029059
9.20210191032677
9.21643271361265
9.22390016087082
9.2245025144055
9.22558412275048
9.23807151859142
9.24097452117235
9.24503865675894
9.24868100056994
9.25779622901684
9.26167359235794
9.271738443304
9.2910473563606
9.30954079810538
9.31364900073006
9.31840618857262
9.31944538607974
9.34487158216823
9.34663550704421
9.35085009773782
9.35905621240396
9.40038260505605
9.40316105489582
9.41535626997388
9.41892182215499
9.42020115547022
9.43646448689613
9.43853323992739
9.43884216349076
9.46182392052832
9.46216133640527
9.49123863845191
9.50358280696285
9.50614579224943
9.50745941646285
9.5118406063504
9.51304082694629
9.5144233250778
9.52011003261471
9.52959121727717
9.54394947578729
9.54932554156972
9.57274946352546
9.59399334238877
9.6204807286387
9.63726841100341
9.64614635801307
9.66173545911826
9.66222463252272
9.66860194183006
9.66874957809009
9.67274472799706
9.69849245225598
9.69889436727682
9.70503114472083
9.72204007317061
9.73793423057059
9.74134615732261
9.75243567297895
9.77456372429768
9.77512970995017
9.78734956257982
9.79234606985397
9.80206225186826
9.80342295719043
9.80868065144901
9.80887169250829
9.81209883991921
9.82188996311231
9.83687423376379
9.83888628649579
9.84491589836694
9.84579169818003
9.8522454850177
9.86380805843748
9.8692320199501
9.8730940773281
9.8741001329456
9.8790293104918
9.90596505027968
9.90648288157186
9.90772880250868
9.93155255584595
9.93973582887915
9.95169090528383
9.96863361784722
9.98189461180999
9.98289276017292
9.98375729673064
9.98907014889467
9.99194584120715
9.99916658409323
10.0052482323149
10.0209546724975
10.0432199982887
10.049101450532
10.0515582563379
10.051931187368
10.0543774441793
10.0586516838193
10.0644836983909
10.0721450114243
10.0800209511452
10.0813556072682
10.0854909141352
10.09651282899
10.0991123147111
10.1248011955648
10.1451192508674
10.1516955214021
10.1600829457235
10.1677527364317
10.1680331035999
10.1725450472657
10.1799987315276
10.1877625525406
10.1946916837634
10.205827945327
10.2232334847983
10.2452660273207
10.2489050010144
10.259794491462
10.2602127690046
10.2656314659736
10.2698447471482
10.272725408617
10.2740920850974
10.2909918526254
10.2923509666478
10.2936811306961
10.295388857887
10.2962701387286
10.3028183974185
10.3040549698102
10.3073055522838
10.3110600557015
10.3128524192203
10.3173877694671
10.3218877661131
10.3328519068025
10.342632603565
10.3780975758349
10.385156842644
10.3895638085858
10.4068538557676
10.4173536200698
10.4174617994524
10.4291602000357
10.467379507131
10.4709691168442
10.4734794107793
10.4748449616316
10.4955826032634
10.5008627547128
10.5104601232757
10.5143942618304
10.5152251665622
10.5158248738806
10.5233281944064
10.5244316194787
10.5362696552685
10.538347709516
10.5411271570431
10.5426473654089
10.5472132129685
10.5572034290764
10.5631528810547
10.5725436665931
10.5779123594306
10.5790348999922
10.6006902625705
10.6063378935445
10.6093388487353
10.610863037618
10.6262130781954
10.6418218276873
10.6567137537109
10.6723933211828
10.6770122145928
10.6778847203139
10.6784303051967
10.6852995065885
10.6905859435805
10.6944742492024
10.6978149637737
10.7115817865365
10.7154116779355
10.7190368948291
10.7214242148855
10.7323084308558
10.7347105293337
10.7514482497581
10.7561095330832
10.7712745924323
10.7886111301125
10.7948812544557
10.8059490565279
10.8160554510492
10.826332307025
10.8307978498927
10.8428918336275
10.8591619932625
10.8617631866994
10.870679354533
10.8765820023312
10.9043548372803
10.9052843646649
10.914360347615
10.9151528379921
10.9212229197542
10.9334921702476
10.9437843695347
10.9443928640672
10.9486612076478
10.9487468592819
10.9639296768115
10.9947509700556
11.0230970376914
11.0268584775664
11.0309938085468
11.0383286325694
11.0459232080618
11.060423586115
11.0608715212729
11.0613638750386
11.0617647549634
11.0685446456005
11.1120870452966
11.1157150345078
11.1249522591025
11.1249626107752
11.1259957882419
11.1290104292558
11.1376463182453
11.1389664778493
11.1582619348493
11.1766954638613
11.1769769269489
11.1769883008327
11.1811014020124
11.1833680082012
11.1854263816787
11.222507203242
11.23086682712
11.2335270913185
11.2343406393593
11.2361715861622
11.2400590925261
11.2404834256031
11.2455000316587
11.2470819015823
11.2491736674498
11.2502619737802
11.2617817044241
11.2633190393077
11.268099305694
11.2684148323041
11.2713836114718
11.2757375922541
11.2763529484779
11.2984538507033
11.3065949447415
11.3076626780915
11.3085031096335
11.3270200577998
11.3346367480749
11.3403363888493
11.3539580413054
11.3708879651603
11.3725325909524
11.3772902017603
11.3903942736748
11.3962173674644
11.4015525098578
11.4026168051328
11.4090872914873
11.4201757513067
11.4246352530874
11.4315022012601
11.4563363670166
11.4784641625253
11.4978451311494
11.5042283058004
11.5217833991953
11.5325454121671
11.5413853468876
11.5517731742714
11.5535288117476
11.5591811982622
11.5803386955391
11.5803744809229
11.5814824268304
11.5824257419198
11.5874335282764
11.6063710488501
11.6067543184421
11.6107003656825
11.6420702653128
11.6427208143716
11.6431979486715
11.648943737264
11.6498141309296
11.6884219457742
11.7049609081845
11.7077193454989
11.7108139099987
11.717108735734
11.7204831590661
11.7245350487591
11.7317969214126
11.7495364787926
11.7805171478132
11.7962657917054
11.8007994338788
11.8085433450996
11.8105717953561
11.8161229298501
11.8264475089827
11.8319267716721
11.8376109229792
11.8386940946946
11.8414749052497
11.8477159749414
11.8620642364691
11.8821641113337
11.8885610329438
11.8922621668048
11.8983151136866
11.9014268831022
11.9161149621474
11.938866643306
11.9514160526176
11.9583295901636
11.9616122048904
11.9720079191431
11.9825080681832
11.9872327946196
11.9891437088578
11.996300910708
11.9989907244348
12.0038671517524
12.019309747196
12.0237797680712
12.0273170887068
12.0332838590004
12.0359726625581
12.0372274638409
12.0572824531528
12.058392772872
12.0733453765475
12.0744057197164
12.103673987614
12.1189939475574
12.1206145216719
12.1212353613181
12.122341587796
12.1327216587755
12.1329302183359
12.1399168989841
12.1556888712678
12.1616682085698
12.1617163876697
12.17371202043
12.1745806231343
12.1853619222651
12.2050097240615
12.2190754497791
12.2247417269788
12.2288121849532
12.2326444341094
12.2441216343425
12.2510676442876
12.2608244938734
12.2650141635179
12.2734141136176
12.2760785939421
12.2778788103416
12.2878732810524
12.2914648425221
12.2942995794541
12.3095747533329
12.3098413526433
12.3119224270812
12.3197720046931
12.3341684151959
12.3422029690085
12.3521107983546
12.357116806708
12.3716869469291
12.3748827924064
12.3921530628985
12.3955249905547
12.4128898100281
12.4281360940945
12.4320271842866
12.4325476370429
12.4488863965312
12.4592004098878
12.4661987632015
12.4761772660842
12.5076573634665
12.5101765329817
12.5132851996275
12.5134239608143
12.5238408574394
12.5268074851961
12.5322089264691
12.5353220095686
12.5490237058905
12.5505522180704
12.5564577177811
12.5609903839343
12.5794368870017
12.5851785798533
12.595309848902
12.5999563239016
12.6094651988859
12.6225111654224
12.6256367015093
12.6285651226122
12.6379653767469
12.6387261955404
12.6516858135474
12.652584188632
12.6531294004851
12.669368086625
12.6707619519383
12.6768119477141
12.682696079462
12.6886614291913
12.7136175108661
12.7213294504483
12.7314240260422
12.7505915768837
12.7512147987101
12.7514126953337
12.7514922903933
12.7538862532179
12.762269327155
12.7708058845407
12.7745106055012
12.7810455400623
12.787229552099
12.7923042762121
12.7933210216086
12.7967515609265
12.8098342943434
12.8166380633685
12.8189380536501
12.8200340036371
12.8247315498069
12.8267212251615
12.8306602904756
12.8313533388571
12.8457718184928
12.8863478278613
12.8920542666251
12.9147461430757
12.9166311354105
12.9220715214752
12.9249462185054
12.9254819664852
12.9273739117527
12.9303742043367
12.9369421418103
12.9395714423053
12.9450216757393
12.9539141401817
12.9561471956112
12.9605568945305
12.9614764482273
12.9657872721446
12.9680995130177
12.9752344464904
12.9788805539326
12.9826963736449
12.9830395765779
12.9831472192454
12.9858536849838
12.9859959548569
13.0160075824638
13.0185993959789
13.0200783038942
13.0235176780977
13.0295567644966
13.0404331172346
13.0574130225483
13.0648823893961
13.0658488824811
13.0671244684661
13.0717604801191
13.0841906503935
13.0843277139628
13.1091226262452
13.1275952779833
13.1405425416043
13.1421181124342
13.1459953511667
13.1512786102898
13.153645525541
13.1593353068051
13.182334963721
13.1926164430179
13.192785890604
13.2068166495136
13.230016758656
13.233123835887
13.2512946428617
13.2546236691223
13.2587075025365
13.2605183736904
13.2612487090531
13.2674417742049
13.2764872252276
13.2955281389174
13.2992719990541
13.299394525234
13.3004359290813
13.3060224835032
13.3222302538661
13.3440546480919
13.3596283645893
13.3676083235719
13.377171912991
13.3787717059191
13.3788424311619
13.3824484152575
13.3836597518952
13.3880037148483
13.3906734936014
13.3948949979481
13.4065831993317
13.4103954672015
13.4291658667284
13.4365649323215
13.4407117438387
13.4469642378915
13.4495109835574
13.4510843654286
13.4804879183775
13.4841662786987
13.5108940327486
13.5396406068418
13.5482760395072
13.5559778853727
13.5600951407974
13.5633070075982
13.5688269684328
13.572622164976
13.5795425034031
13.590626603998
13.5928594864514
13.5996899398117
13.6002736078742
13.6084408602801
13.6242545748381
13.6355183506566
13.6486955221133
13.6569665259555
13.6672318050769
13.6745188951633
13.6874021598046
13.6939320662694
13.7054009914153
13.7064654567877
13.7137002280214
13.7179860682515
13.7205578260635
13.723650226994
13.7361422720437
13.7374680447454
13.7480471518374
13.7569334097482
13.7607878935588
13.7804757546846
13.7869537423177
13.7871343251974
13.7898819815229
13.7919225474492
13.7991194425166
13.81810792282
13.827758350183
13.834717786129
13.8475693766189
13.8530766902613
13.8714752034353
13.8746735388106
13.8921523312377
13.8945930001946
13.8973902914399
13.9093453937397
13.9169157826075
13.9200428370331
13.9235734107297
13.931121773894
13.9311890161149
13.93189830393
13.9360010555198
13.9396469466611
13.9475754109114
13.9638786499116
13.9771676888247
13.9879180280911
14.0083180483605
14.0100743699327
14.0239423653998
14.0269959237101
14.0338119609691
14.035425923167
14.0354998025375
14.0394085909617
14.0414993803534
14.0440862919309
14.0476972764423
14.0615508289041
14.0668226955022
14.0721928389037
14.0781168235356
14.0955040398058
14.1179915270251
14.1217687802421
14.1251781249719
14.1351855660577
14.1378920742784
14.1434588533895
14.1613112401177
14.1636779067992
14.1654949234785
14.1715717337689
14.1769478289472
14.1814618809558
14.1870958963124
14.1925170406848
14.2096329412641
14.2104081892897
14.2302267420241
14.23068223703
14.2432490577454
14.244736763813
14.2509356928184
14.2515209230302
14.2571380132362
14.2594224354556
14.2729130641227
14.2775829856651
14.2872570236455
14.2959674323541
14.3045406532087
14.3095335647044
14.3184626264375
14.3263925986858
14.3330788365894
14.3343623915075
14.3526310665713
14.3552605076437
14.3598429114602
14.363248415173
14.3891737917436
14.3894182695063
14.3971166093677
14.4010023358472
14.4025840344901
14.4108666942486
14.4176106069482
14.4217009719835
14.4519475585839
14.453977090977
14.4559522740912
14.4560227358962
14.4564019301384
14.4577148397847
14.4617353338806
14.4745487801622
14.50178159014
14.5031564998977
14.5163561381363
14.5197478771403
14.5311337559643
14.5321935177878
14.5408257834778
14.5436885779236
14.5440459864896
14.5448586500834
14.5463646204407
14.5500921805411
14.5552349949077
14.5631831618664
14.5928771402764
14.6059812880305
14.6235467257263
14.6300975289304
14.6321144165948
14.6340695768366
14.647204738491
14.6681343618838
14.670586949405
14.6765012842721
14.6838498917366
14.7063591380301
14.7082845055809
14.7120299169599
14.7197606838888
14.723974031784
14.742063743584
14.7420663958688
14.742570610936
14.7426813515503
14.7567676608541
14.7856343484716
14.8051823295576
14.8270233867325
14.8320475394104
14.838848335047
14.8645158008562
14.8741043643657
14.8908220060476
14.8943651988425
14.9102693846963
14.9150715987376
14.9159768617986
14.9277006549364
14.9311307136743
14.9329485877659
14.9458051667762
14.9589215749269
14.9748762821685
14.9858579852158
14.9913590744707
14.9976116172526
15.0118513918204
15.0207679733118
15.0231362898614
15.0378022219943
15.0467941322133
15.052399132057
15.0593486386779
15.0602166451627
15.0661736379968
15.1074201590762
15.1087321069782
15.1090178023904
15.112307775316
15.1141159769769
15.1578166896031
15.1713918811957
15.1742207617578
15.1851989327152
15.1942862754952
15.1965662321331
15.2050731649505
15.2154603965169
15.217837649657
15.2195264242788
15.244235091465
15.2561556352576
15.2645855942025
15.2847314457047
15.2960176068741
15.3064624456955
15.3072843996096
15.3301479106639
15.3308016743498
15.3313677973313
15.3484867754103
15.37742908991
15.3839194244622
15.3842462948542
15.3887787968011
15.3898195399125
15.3898881279295
15.4009800195225
15.4048577496322
15.4076516906434
15.4176482543876
15.4219230494189
15.4245166627427
15.428708304899
15.4497751794127
15.472753152362
15.5031438062766
15.5173139052978
15.5319924043145
15.5323332716798
15.5417348915542
15.5629741325725
15.56630909941
15.5716078255582
15.5871428951691
15.5921576081723
15.5959682844094
15.6087773308391
15.6172112751678
15.6368282680814
15.6425319957063
15.6462080742695
15.649400700879
15.6544959580794
15.6668090858656
15.6764697318322
15.6798324622666
15.6906722578751
15.6937349693069
15.7154482758723
15.7164380670612
15.735201687349
15.7514736320217
15.7572814992643
15.7575156086496
15.7599070833378
15.7666715265567
15.7831528738941
15.7914178263333
15.7928922484911
15.7934566689118
15.7989753871186
15.8023624847316
15.8044488344602
15.8119342044649
15.8124333312563
15.819381376864
15.8309284564865
15.8370623506152
15.8436323392392
15.8480965062366
15.8484694315906
15.8521952511922
15.8627217074357
15.8671374742808
15.8676841658216
15.8712080098966
15.8766437314384
15.8936726420572
15.9136857599255
15.9265837006613
15.9272703030466
15.9435892746131
15.9579437778887
15.9601077474691
15.9634014906898
15.9730884522588
15.990210879577
16.0055130616163
16.0061864449183
16.025373696681
16.03414756148
16.0368622806747
16.0519270703075
16.0600249211233
16.0619765227354
16.062303095469
16.0680728542125
16.1236073381546
16.1255988381302
16.140817063949
16.1409639469382
16.1551324932282
16.1596246803378
16.1597378256005
16.167469089033
16.1694311032929
16.1781744570228
16.1862509360357
16.2030172438999
16.2091504443503
16.2180595179404
16.2220816522053
16.2265319367352
16.227990118496
16.2336097177856
16.2437599676599
16.252819047494
16.2555742367135
16.2750979230916
16.2801293641164
16.2874109410545
16.329420633974
16.3306417776941
16.3319868270801
16.3558711413663
16.3633300513256
16.3819956115303
16.3900789689579
16.3953400969387
16.3987244460659
16.4246414747495
16.4405421594264
16.4448221819147
16.4482170362072
16.464756079998
16.4758539068513
16.4761390464407
16.4924845956034
16.4926720694804
16.5454923073618
16.5478291365908
16.557954398736
16.5685014770394
16.5895551473724
16.5901181717027
16.6185961671043
16.6359670735546
16.6685123107328
16.6693411614056
16.6804357663299
16.6853452636608
16.6945364453865
16.710568333952
16.7137399957469
16.7314962374893
16.7426266937931
16.7735380814801
16.80993622404
16.8303376373012
16.8539858795941
16.8620765299276
16.8649877760074
16.8686901150722
16.880854963487
16.8910034962238
16.8936209690365
16.9066253629273
16.9099271565143
16.9169275698684
16.9273302769313
16.92965335332
16.932175232649
16.9446927056237
16.9517787272843
16.9535716179729
16.9597982951649
16.9776396356634
16.9783919494389
16.9918125817277
17.0047597722795
17.0084262953706
17.0201109768974
17.0284777866262
17.041236451256
17.0484141745518
17.0593966146714
17.0701140674319
17.0796922238772
17.1027509833351
17.1079322027179
17.1228479367133
17.1267087804181
17.1493723701551
17.1525288071148
17.1556989604945
17.1721965690001
17.1863840631644
17.1965926907857
17.2335699883654
17.2350886330103
17.244570410463
17.2561927219526
17.2586189510945
17.266132110181
17.2935918814072
17.2959476003767
17.3038569503737
17.3082675224091
17.3164175373972
17.3164431167264
17.3265806126181
17.3281515650775
17.3328443071872
17.339058673862
17.339825568057
17.3472995389652
17.3622328368887
17.3786682438641
17.3814673399955
17.3823376967796
17.4222017934059
17.4255674819513
17.4267944721157
17.4488382139644
17.4503581947397
17.465566921267
17.467003461542
17.4820474761949
17.5010152204314
17.5046315906319
17.5563950731723
17.5588402745243
17.578858486482
17.5812524934559
17.5963709386624
17.5971132744287
17.6103603622601
17.610972740958
17.6139164725775
17.6166177556901
17.6167929188429
17.6212557830412
17.6310192723045
17.6703051421517
17.671267505334
17.6778916764852
17.6816721356104
17.682953901879
17.6913404636376
17.7104940872371
17.7108452172413
17.7300123418773
17.7379429535056
17.7389539167559
17.741292783971
17.7569402985332
17.7589971943351
17.7598701888119
17.7732460950882
17.7738040280863
17.787802808005
17.8024303688442
17.8105836203967
17.8217171539521
17.8275346941019
17.8307240814674
17.8346774533782
17.8569305051192
17.860327738246
17.8696835491836
17.8917792959856
17.8950486539157
17.8983853088187
17.9002145432876
17.9082202796241
17.9161937441813
17.9202331637907
17.9353551572481
17.9925586517081
17.9942137274684
17.9942595250822
18.0094483247705
18.0128696280191
18.0174145799246
18.0271635785359
18.0342865376253
18.0363860763707
18.0390240637169
18.0393094677035
18.0400522659297
18.0447625342437
18.0501556092247
18.0520065043734
18.0643652290856
18.0919173554281
18.1011557227224
18.1092893338274
18.1209976486269
18.1241252258185
18.127867729473
18.1361732243835
18.1385675796253
18.1612277069293
18.1772058349517
18.1901490008191
18.2023252548452
18.2048992136499
18.2049475060808
18.2512834136532
18.2736803594788
18.2738853788897
18.3144295765246
18.3146478125521
18.3334750843124
18.3481055149655
18.350820165267
18.3547065888435
18.3680714751107
18.3802604854083
18.38831342357
18.3903659269829
18.4020136561595
18.4276947072119
18.4360368904971
18.4548273151487
18.4555809369589
18.4594288455016
18.4662409381137
18.4668241006163
18.4735701536177
18.476730655619
18.4774427300353
18.5009612277526
18.507131038707
18.5123926049276
18.5197306326415
18.5218419436109
18.534496998345
18.5564144252799
18.5580032919595
18.5690276733867
18.5888662094996
18.6121448441817
18.6126495576737
18.6167477397933
18.6197328684196
18.6300790722785
18.6305930706856
18.6473877443612
18.6675582760632
18.6695648537542
18.6746730526186
18.6813398488328
18.683856740387
18.690595865465
18.6909108788568
18.7024907272311
18.70488333004
18.7168393269703
18.7289228298911
18.7328819140065
18.7443025488169
18.7453725571361
18.7656269384282
18.7831128133354
18.7942876438316
18.8021467048301
18.8166986485665
18.8225305669427
18.833765507841
18.835017716689
18.853629996899
18.8653329983865
18.8701878033211
18.8891775369636
18.8912818863565
18.9125718168545
18.9217366531132
18.9269352792529
18.9392917968159
18.9458492735944
18.9550404447898
18.959803300507
18.9601569534264
18.9637346622764
18.9664586774196
18.9696831269562
18.9753218644528
19.0127614897484
19.0268153947576
19.0312932969927
19.0431353345765
19.052317199537
19.0612118295435
19.0623465232659
19.0739504832895
19.0943909291638
19.1238298627136
19.1251611354629
19.1277583456317
19.1318609007043
19.1325327197412
19.1419225686566
19.1454295877059
19.1650224977645
19.1848812860692
19.1864442649618
19.187106449206
19.1992935033004
19.2059574674202
19.2215415874807
19.2293691361205
19.2604729936359
19.2839926804383
19.3325185446407
19.3326074491049
19.3394890176845
19.3653835345877
19.3712434436653
19.3761769109252
19.3922505051216
19.3957285173465
19.4072456855728
19.4139871363721
19.43140257258
19.4382486660854
19.4458906311012
19.4555225980981
19.4713226451349
19.4729804394933
19.4783962777183
19.4903152394714
19.5374475469675
19.5614960871219
19.5751602238157
19.621072671001
19.6296035303777
19.6368766187525
19.660928343238
19.6609522489173
19.6773900836038
19.697921602748
19.6999617228815
19.7019975045851
19.7364026996221
19.737938230733
19.7535420346659
19.7556272915958
19.766243104908
19.7677311171741
19.7709083849939
19.7789832663594
19.7841512188641
19.786675905772
19.7872049841715
19.7969293241165
19.8013904525143
19.8040212224853
19.8110733839679
19.8243636420887
19.8372107015544
19.8468815428662
19.8571046875385
19.8803968534554
19.9368773600938
19.9403622216669
19.9495698656954
19.9565427091341
19.9654772869623
19.9663182175235
19.9899550240427
20.0257160438243
20.0363805245254
20.0390086939272
20.0570308825888
20.0728007950143
20.0809952824299
20.0850350967054
20.0875168315709
20.1023485142927
20.102754076035
20.1027892836258
20.1067841946393
20.1114160617062
20.1179283373131
20.1413486636836
20.1459713221954
20.1468421350073
20.1485337043899
20.154620549213
20.1696862209452
20.1780939008063
20.1808831205127
20.1943211777705
20.2108621236455
20.2118327178312
20.2163528822139
20.2212467224349
20.2275198229015
20.2474571206758
20.2609858156498
20.266807549174
20.2777663784886
20.2817654544869
20.306477737905
20.3125974642793
20.3277197937877
20.3326518616094
20.3405199961247
20.3468403636849
20.3566445962705
20.361866769772
20.3737794606583
20.3940829346659
20.3948035922847
20.4056109577504
20.4144189033419
20.4344469833802
20.4359167788533
20.4376718490572
20.4475386742063
20.4845764885878
20.4861721175326
20.489008720115
20.5110138828424
20.5156576854064
20.5350996260926
20.5462928936296
20.5497849144776
20.5675487727047
20.5790863345784
20.5813389005105
20.5847136231907
20.5903407703931
20.6137216138323
20.6304037174668
20.6456683310978
20.6554801762513
20.6625206425566
20.665730667042
20.6776994983783
20.6800973325227
20.687778118699
20.6923569832915
20.6997551886055
20.7038862531113
20.7105278607782
20.7131499558303
20.7338749519895
20.738712201481
20.750869740229
20.7523133333227
20.7890021035712
20.8052852671391
20.8113996928841
20.8271952802898
20.84946839555
20.8611187597215
20.8920765104111
20.892821772393
20.9287069359964
20.9349799025516
20.9373895217805
20.971453985919
20.9818584927431
20.9885296845253
21.0414192617919
21.0439251372874
21.0460881604064
21.0495762818049
21.0625641680335
21.0833316588002
21.0858382782101
21.0905901605321
21.1006334122694
21.1025155569555
21.1188134858768
21.1272255146223
21.1587292954146
21.1617667068963
21.1622036532055
21.1666024393881
21.1695240817064
21.1784618779057
21.1826946649503
21.187689956114
21.2095251775265
21.222537263329
21.2264304279743
21.2327288692422
21.239008361407
21.2390897252828
21.2392085622225
21.24033397678
21.2507533469767
21.263303871347
21.2863138037123
21.2904808441866
21.2943453788229
21.3028128049828
21.3491456074943
21.3521528652698
21.3537846881385
21.3596317112629
21.367015403076
21.3746255245495
21.3904434076261
21.3937087254755
21.3969587606016
21.402553033665
21.4225039305825
21.4368824585844
21.4383735917505
21.4601037044529
21.4759311534211
21.4942162924758
21.4972087343649
21.4981074226045
21.5156490543798
21.5187259020294
21.5317215153645
21.5470145875878
21.5516269480072
21.6063337656307
21.6087353953471
21.6105982747067
21.6278823158301
21.6310147006529
21.6399607643466
21.6542387146208
21.6650804424332
21.6681851649744
21.6795015451757
21.6801191050981
21.6860684747288
21.7028528429957
21.7093211510427
21.7311122998431
21.7339580150092
21.7421500728978
21.7495120062368
21.7598240908479
21.7616611911481
21.7776441222325
21.7901446015861
21.7912128915455
21.7925420764595
21.7954186123301
21.7994882108033
21.8173131547723
21.8203358032953
21.8343835705669
21.8487945221519
21.8514981533738
21.8547246492112
21.8838570728393
21.886396883456
21.8868882942472
21.9278252202526
21.9301776127369
21.9354761822973
21.9392836865325
21.9614432747858
21.9789078859995
21.9883595250325
21.9969966568183
21.997538025925
21.998141801697
22.0045360398727
22.0293798074258
22.0309113792139
22.0342363105303
22.0378399145861
22.0460658256393
22.0489492066779
22.0684783857179
22.0717656899544
22.0771618975811
22.0973695243992
22.098404276964
22.1064261829062
22.1097090341603
22.1231981860018
22.1435989796422
22.1448085220491
22.1541546478701
22.1696169185727
22.1795343035559
22.2216336300237
22.2245019416525
22.2269113790142
22.2282987904151
22.2305265418606
22.2428185143117
22.2715484480832
22.3046916997694
22.3061243405863
22.3068055905128
22.3167587725346
22.3178117224945
22.3254618162638
22.3264590822979
22.336490114261
22.3396464135802
22.3514253621287
22.3774009396601
22.3860098085967
22.3936798057557
22.401787623849
22.416944925575
22.4172654040024
22.423229029306
22.4702443856611
22.4751036212557
22.4785666791511
22.4820123738787
22.4857203556269
22.4914296127378
22.4924930724662
22.4934364327671
22.4984003256826
22.5059920348431
22.5126733798256
22.5145296273956
22.5167814910959
22.5189364614867
22.5219545411778
22.5239845465847
22.5368529071791
22.5455905664721
22.5573246337173
22.5589669312144
22.5655870143843
22.6008898231599
22.604795101525
22.610731386918
22.6114099735185
22.6115577431522
22.6253780166737
22.6256752314884
22.6500552262763
22.6589408423477
22.6837365024538
22.6848149335082
22.6951385968941
22.6968469294948
22.7222444759167
22.7334393680043
22.7352236590813
22.7363415124209
22.7558598186033
22.7664567411298
22.7817362830002
22.7891289554265
22.7931596133194
22.7977914360967
22.8087589249674
22.8166941044807
22.8200405862202
22.8312113156255
22.8330991888278
22.868774398534
22.8839045618955
22.884552595288
22.8854916144913
22.8865013333981
22.8926128795631
22.8944810283582
22.9029740921147
22.9209760525983
22.929571413303
22.9910054175733
22.9946823859248
23.0014753219108
23.0187952936669
23.0349325868216
23.0497022546766
23.0548562883738
23.0596200470882
23.0615560521232
23.0744996615992
23.0834015928569
23.104769465557
23.1061055064688
23.1461531927457
23.1647502903593
23.1780819821916
23.1785927220171
23.179917942312
23.1978403405669
23.1982873956103
23.2018701878271
23.2262669365573
23.2270804684499
23.2278739080919
23.2333975302028
23.266190294926
23.2686545655646
23.275712857642
23.2983722945119
23.3214407797839
23.32315358878
23.3368841116706
23.3378983847595
23.3544234422153
23.3632213833748
23.3651199809722
23.3880774731742
23.3969580365055
23.4083143323011
23.4168932754973
23.417342753159
23.4278095551972
23.4978866659505
23.5181373927749
23.5475430873852
23.56113367912
23.5631585496552
23.5798276273496
23.5887328560119
23.5908638176102
23.5946893951355
23.5954472743
23.6083762746872
23.6232211883345
23.6289846095148
23.631486634963
23.6346323414514
23.644616688099
23.6465530424373
23.6499720856208
23.7053761835414
23.7060817999707
23.7133098776817
23.7143067007636
23.7171760765613
23.7220033775121
23.7233131396347
23.737249087191
23.7551062153017
23.7579309265254
23.7652042829403
23.7883806586676
23.814960037234
23.8176221186865
23.8176674638104
23.818714085844
23.8262576607186
23.8322910227145
23.8344967385965
23.8420445745291
23.8459085852063
23.8675658093608
23.875391945151
23.881651790346
23.9209879666618
23.9250245348748
23.9567815929625
23.9628289584329
23.966117788842
23.9733739435752
23.9759726573043
23.9766806210024
23.9826162827038
23.9884024393954
23.9925312799952
24.0110986864188
24.0196917477842
24.0212959209433
24.0404967291988
24.0737102555125
24.1373597123751
24.1400380315498
24.15014717619
24.1670434819231
24.1691557404154
24.1804995450277
24.1949748124655
24.2136800085715
24.22669974814
24.2275057976177
24.2563603237617
24.2605773295144
24.2734828459346
24.2780693374434
24.2946916221646
24.301738887422
24.3045441350286
24.3054999176925
24.3059759506818
24.3066522569677
24.3249328614229
24.3480946085499
24.3482943674521
24.3713897897045
24.3724902282094
24.3772064249733
24.3816954873273
24.3926397386371
24.4024587065449
24.4027701777234
24.4060293090231
24.4080010129193
24.4123760213157
24.4129564683432
24.4170889464516
24.4379412918327
24.4595880201601
24.4876651519038
24.5124733981243
24.5187861101842
24.5332343316043
24.5332515569304
24.5471664153968
24.5659690592401
24.5723395203278
24.57909012892
24.6082970665649
24.613181584883
24.6143951133494
24.6226763104912
24.6485933425183
24.6575735928881
24.6612258096786
24.6731200526509
24.6732851575924
24.6836182472701
24.6943677364831
24.7273769048676
24.7401575829346
24.7580946872729
24.7687467150236
24.7737366002328
24.7788800423495
24.7864604482087
24.7881446457097
24.7938759577189
24.8019505989274
24.803102675388
24.8058730613468
24.8091183639186
24.8530929364091
24.8560237650985
24.8561004209212
24.8643088417567
24.8777560238215
24.8940529214253
24.9094665780032
24.9130012312886
24.9149208272086
24.9197805584951
24.9264072840797
24.9404769883048
24.9490304149843
24.9506525056545
24.9667940329383
24.9691202069559
24.9769918354994
25.0237344183695
25.0638848387352
25.0742353287014
25.0775442842014
25.0776841460725
25.0879337208312
25.0924080310772
25.0928676943147
25.1024568706079
25.1043230111808
25.1133442373467
25.1201742193161
25.1219282812094
25.1291903912004
25.1352956736013
25.1373073979611
25.1421100415765
25.142434495184
25.1683587593601
25.1687505225754
25.1844790167931
25.1923996028972
25.2012281045037
25.2136966297429
25.2224904366834
25.2251990841624
25.2330111585593
25.2336422843244
25.2347767624948
25.2396569669854
25.2886729640211
25.3045283286393
25.306304551831
25.3167308983388
25.3347155257587
25.3451711657568
25.3479785695498
25.3504704578835
25.3524670410842
25.3740040947493
25.3845874235223
25.3989076020869
25.413138316044
25.4355318992149
25.4482548967941
25.4501470932221
25.4547088762791
25.460909807467
25.4673769096914
25.4802587271748
25.4843828219878
25.4869169240926
25.5036457473936
25.508451687487
25.5091127878198
25.516372677127
25.5486180516291
25.5543720759796
25.5752370752791
25.6018773540698
25.6086763690277
25.6178162705351
25.6183197898166
25.6184669474477
25.6258231660724
25.6273965724443
25.6346231036868
25.643248824323
25.6487168194598
25.6545068679006
25.6619248628219
25.6733235327344
25.6740406800075
25.676009441961
25.6766514968344
25.7100134479876
25.7402443791896
25.74951785384
25.7546476273153
25.7698753419654
25.7729807396701
25.804203335495
25.8152291281278
25.8335925624875
25.8365458495408
25.8389143401051
25.848219710202
25.8583790558016
25.8743018087175
25.8766790848859
25.8954843187848
25.8965141045607
25.9038173559355
25.9124118097718
25.9225962768493
25.9246220242418
25.9446119446732
25.94650513294
25.9634931356425
25.9896567530284
25.992037965283
25.9966144069876
26.0232546915672
26.0421933020353
26.050786405596
26.0573392069747
26.0684427747806
26.0691906712575
26.0722833063746
26.0888434367184
26.0965067329953
26.1221661006648
26.1618140243989
26.176286370952
26.1905648555569
26.2095842277722
26.2106894598043
26.2440899436633
26.2444289371122
26.2553394415686
26.2776239436024
26.2789040908359
26.2826791177717
26.2872807298312
26.2949157695652
26.3012241048521
26.3014351763249
26.3238464183532
26.3309398800034
26.3363801409233
26.3392565135083
26.3401736922706
26.3463799563386
26.3773691724333
26.3776244760112
26.3797673573873
26.3861924244688
26.3930564981557
26.4195998515655
26.4276641617302
26.4635953929643
26.4653583895731
26.4708650442545
26.4750513618137
26.4816238325708
26.5134368590247
26.5215202781846
26.5235342944887
26.5280697780811
26.5535932216676
26.5648039651969
26.5877715866063
26.6013608804595
26.6140432919284
26.620968931955
26.6210322759654
26.6218349131764
26.6557032967469
26.6601549402102
26.6716985102522
26.6820143142751
26.6845944515437
26.6921177229672
26.7123895475525
26.7171274827398
26.7281474804998
26.7344645515162
26.7444110103758
26.7447643765546
26.7717027556452
26.7722952928106
26.7739103512767
26.7781514553797
26.7914621679355
26.8071870611709
26.8343432243064
26.8380277243933
26.8411185177941
26.8440147702843
26.8475536246843
26.8499548379059
26.8726737242705
26.884233302
26.8867558515745
26.8885473323406
26.9130616651965
26.9287850975079
26.9379484879003
26.9483188752688
26.9507826902047
26.9516813209343
26.9728103622259
26.9731342966246
26.9851826171779
26.9861905426274
26.9994524667768
27.002158296326
27.0044871171417
27.0082555986756
27.0099051538939
27.0218806042019
27.02707093784
27.0338413863486
27.0367938407816
27.0371082056696
27.0387427714751
27.0390496165866
27.0660107164279
27.0706316979831
27.0767545935716
27.0918668129471
27.0934408499052
27.0982961064706
27.1052097713457
27.1196921169975
27.1339824309642
27.1341924390933
27.1366141018437
27.1493958102441
27.1632719330652
27.1635771913428
27.1686600928247
27.1702797834661
27.1723524598974
27.192001834634
27.2381963566905
27.2386710362905
27.2441267869453
27.2451583412056
27.2632538451142
27.2658799503769
27.2778825553354
27.3151284351544
27.3155412905655
27.3246143955193
27.3249630204065
27.3440657012494
27.365123982209
27.3683894076092
27.3857382422369
27.3866624174489
27.3982357466547
27.4121540219948
27.422550847818
27.4430917089555
27.4559891353105
27.4680023535643
27.4686292341204
27.5090123930666
27.5152337061288
27.5199296099199
27.52631690861
27.5379809492415
27.5401397032283
27.5406676401538
27.5479813772389
27.5566919602491
27.5616297268589
27.5913310089799
27.6009054357712
27.6163123520805
27.651436932678
27.6542027344343
27.6548055170223
27.6652237210148
27.6724625733044
27.6825173932906
27.6832289822994
27.688326552865
27.6966528667472
27.7044520855197
27.7179153358014
27.737140843662
27.7378051238581
27.739683599025
27.7454314421215
27.7515562368908
27.7571439641603
27.7581294405326
27.7622680246358
27.7628783929924
27.774059227438
27.7750939248131
27.7925031978768
27.7986221656645
27.8105164171409
27.8232243077047
27.8334987356079
27.8520786210375
27.8774098571835
27.9100635153014
27.9343883881352
27.9450404001928
27.9496525504162
27.9552837033852
27.956321948026
27.9597950560813
27.9712146928132
27.9787209956684
27.9983053357899
28.0024933875957
28.0204513680965
28.0332261981263
28.0335516006671
28.0457319760994
28.0498110294028
28.0530558746353
28.075179601113
28.0776957542859
28.088165064002
28.0918803607242
28.0981431806497
28.1182377770315
28.1317705777181
28.1385272776945
28.1394057785134
28.1513406270518
28.1710421587734
28.1770143227596
28.1809912116101
28.1971840663908
28.2145585176981
28.2343889075308
28.2358724661201
28.2447844148587
28.2538681437416
28.2663922202333
28.2670473364934
28.2872286817117
28.2969562630832
28.2984204644985
28.3346874422057
28.3410788658649
28.3448916354165
28.3605230118368
28.367239876771
28.3768615064466
28.3803731619308
28.3889703302925
28.3894462761796
28.4433031885897
28.4657896648812
28.486051926432
28.4868647410028
28.5000405988445
28.5088094427326
28.526267118852
28.5429944262673
28.5541088624963
28.6162995121575
28.6188158738745
28.6297513987446
28.6764955767956
28.7125943218259
28.7307177278282
28.7507943629378
28.7539078879082
28.7666856009743
28.7757057799481
28.8008346263479
28.8154108856447
28.8282918430889
28.8324364413365
28.8480583288426
28.8507845754083
28.8749835118569
28.9095244620567
28.9104148383895
28.9110996654867
28.915216862323
28.9394902150736
28.9418572296002
28.9443160084687
28.9463178557184
28.9531662825448
28.9579119622479
28.9707355996542
28.9909634309734
29.0001980555194
29.0054307568187
29.0284950468453
29.0336420495218
29.0564190607602
29.1137706299091
29.1276213759861
29.1439435815571
29.1528675164198
29.1673698841414
29.1685358739876
29.2021449697302
29.2307980530572
29.2386748595941
29.2509216809972
29.254908318394
29.2618732436935
29.2679911576481
29.284486471061
29.3027350597355
29.3229013717461
29.3248531279426
29.3574098581432
29.3703725454331
29.3814143218993
29.4044145388766
29.405174739824
29.4144597149752
29.4263720197917
29.4270875984464
29.4284845449499
29.4334770016983
29.4391915634393
29.4497771381712
29.4513322013465
29.4534573696675
29.4581108923886
29.4582001150804
29.4616947011235
29.4878716689296
29.5046607648412
29.5108734389764
29.5224263794457
29.5377228715175
29.5380364581049
29.5394719096001
29.5472110747312
29.5511621166358
29.5517850280525
29.5555307674184
29.5584561638045
29.5829041354989
29.5830532226181
29.5901367149774
29.6245959904437
29.6611361083113
29.6677796337573
29.6897698335869
29.6979033471025
29.7068900021346
29.7242316157464
29.7293523280593
29.7297225334302
29.7409411399994
29.7481229310723
29.7599237609608
29.7694331151978
29.7708563438166
29.7756528742178
29.7807090865072
29.784831312331
29.789585960257
29.799523141064
29.836288029422
29.8468057118176
29.8547057975706
29.8644071596549
29.8917974741073
29.8927253970026
29.9053413017558
29.9061655527048
29.9093782647868
29.944457320781
29.9511106133625
29.9513992396936
29.9573672033717
29.9626731567052
29.9830858276708
29.98336712467
29.9900961644766
29.9917225566788
29.9971811003283
30.0101766870179
30.0129449225052
30.0131209679581
30.0218260918675
30.028787484074
30.0444375720987
30.0468523894197
30.0545442262927
30.0722337902043
30.0837945625424
30.0998699179695
30.0998803629723
30.1032985342029
30.1057598179254
30.1095444085625
30.1180440020884
30.1328917729763
30.14376567438
30.1546437667137
30.1588280733592
30.1746157920182
30.1766314363043
30.1778036973722
30.1901901674013
30.1954000790682
30.2046075183356
30.2256841709493
30.2347992536537
30.2393344493125
30.2458434224628
30.2518922128766
30.2696124621431
30.2720363274579
30.3275142233764
30.3383021716446
30.3538719285068
30.3618670946544
30.369131227689
30.3701387778677
30.3714948281663
30.3724647473027
30.395451924561
30.3978440190757
30.4039637205863
30.4202796039536
30.4322589500844
30.4463554830516
30.4557131991395
30.4640282589002
30.4698218583112
30.4823357539851
30.5023927735405
30.5167766227983
30.53430829313
30.5345384493053
30.5406316786208
30.5460974488462
30.5554262652256
30.5640115503173
30.579283356293
30.5846922149719
30.5897367921244
30.6198020166196
30.6436832656929
30.646335464932
30.6563234206673
30.6714208598079
30.6750595939614
30.6773527707159
30.7203116068276
30.7220298530904
30.7266555569682
30.7486632591411
30.7488000808211
30.7499118123721
30.7727119819753
30.7735647205514
30.7760092810745
30.7874755086972
30.7922103575381
30.821171553429
30.8219516497107
30.8413271046868
30.8443122152256
30.8639571816182
30.8695379074242
30.8696781235768
30.8723854838234
30.892698817573
30.9100857286855
30.913081029372
30.9377328474507
30.9622839533379
30.962808754287
30.9689415746665
30.974902317278
30.996116102792
30.9974738833862
31.0449542233148
31.0619477488939
31.0637264959905
31.0969266192887
31.1026522809652
31.1098535325676
31.1136035888511
31.1318572087656
31.1539961372362
31.1650231550996
31.1844070898647
31.23250997428
31.2498770073239
31.2625952655551
31.2636628319495
31.290840131329
31.3064523999916
31.3144992771712
31.3218661047996
31.3475737714097
31.3481530251996
31.3850438048138
31.4017413760667
31.4180821797806
31.4241118479284
31.4246882727365
31.4347590999854
31.4443062861663
31.4596016975518
31.4597424783516
31.4651570091588
31.4709206089741
31.4793414445763
31.4807251426121
31.4868531801904
31.4929916603848
31.5220311927174
31.5332401473054
31.5376412747477
31.5436357682983
31.5451718144743
31.561800375137
31.5758273485416
31.5835785257348
31.5846178073935
31.5943819709981
31.6022204150767
31.606520510161
31.6084045493986
31.6371970594692
31.6434577465585
31.6469610524279
31.6586269676103
31.6839162675008
31.687170678892
31.6914514720306
31.7059779052603
31.7065465182372
31.7106614930913
31.7459477917366
31.746557538672
31.7497487607764
31.7505570697662
31.7517543197002
31.7558842932074
31.7625950143759
31.7899009599678
31.8106134027038
31.8318761428746
31.8575310715222
31.8578971403733
31.8672790398188
31.8699719425221
31.8740425531287
31.8800504774257
31.8827593633428
31.8958283497569
31.9151788515169
31.917060595121
31.9192957261812
31.9290516831257
31.9304649464709
31.9426251090728
31.967964484172
31.972756195131
31.9782890530027
31.9854857683068
32.006579956318
32.0090856424853
32.0314643888185
32.0410124538689
32.1093754887448
32.1167385060619
32.1259838614269
32.1390238814001
32.1742300416885
32.1742501257683
32.1788322006909
32.2025919335691
32.2027606246884
32.2040995632799
32.2160568764205
32.224606395141
32.2357374736558
32.2491624562202
32.2526294793853
32.2609590360872
32.2684217506714
32.2761405022029
32.2882608915817
32.2951199091466
32.3014558411655
32.3126967796131
32.320733990383
32.3284058362876
32.3343737079693
32.3362477105224
32.3403387703251
32.3663587202482
32.3762132866999
32.3885531731537
32.4007897934763
32.4066102845918
32.4100039725171
32.4259733567974
32.4345978517603
32.4352257873361
32.4355320329484
32.4415579608565
32.4540589345049
32.4635763381842
32.4665292530367
32.4922187391789
32.4974682811919
32.503583149224
32.5041689377205
32.5330056624246
32.5908687259994
32.594362870461
32.6146717467944
32.6146953161616
32.6337092288088
32.6368550235701
32.6488617032171
32.6886947730327
32.6913796842857
32.6984397178626
32.7020663700653
32.7077448519465
32.7254792598504
32.7258199449782
32.7455970222369
32.7602505387675
32.7887918327745
32.7974571818726
32.7981102758227
32.8103038556767
32.8235551473409
32.8673423371144
32.8699324628742
32.8813654158296
32.8820815755135
32.8972854577907
32.9065677241872
32.9136257107057
32.9149578586044
32.9225124710197
32.930468942036
32.9766044803425
32.9801732295969
33.0010328242522
33.008136031767
33.0167138730118
33.0292597427814
33.0522441674602
33.0541791281887
33.0583858700147
33.0601731677541
33.0769828258302
33.0944825571095
33.1020699425247
33.1104036979049
33.1153225505589
33.1172021787276
33.1307994003592
33.133482272171
33.1478114742124
33.1503819763551
33.159034019705
33.1611059613209
33.1672218770577
33.1743086629729
33.1793660292352
33.2067539056592
33.2083227119522
33.2413346934293
33.245328131262
33.2831789668914
33.301892508319
33.3019317006797
33.3060244249827
33.3359771659654
33.3365369298955
33.3376205091529
33.3639720102822
33.3903412880338
33.4189373248444
33.4199536021415
33.4244046055255
33.4310358492407
33.4479153844941
33.4585556016236
33.4587738160083
33.4689519941182
33.5252875346676
33.526574651848
33.5567158691258
33.5609509650385
33.6004356294487
33.6319444763058
33.6698450189281
33.677121333268
33.680671471197
33.6898861751295
33.7286616634188
33.7330281181154
33.7488586960183
33.7921611008196
33.8089034923839
33.8150568689162
33.8194306041624
33.8244734424623
33.8261280520346
33.8312004448189
33.8545666676651
33.8740180221382
33.8780379515647
33.8876503327998
33.9153203200095
33.9166565199735
33.9286248279159
33.9382191904611
33.9608735998968
33.9755847508636
34.0151059317728
34.0231243122765
34.1104940017992
34.1188174062053
34.1321138180192
34.1399382470008
34.1536173495228
34.1543326453774
34.1685320329363
34.1744955559177
34.1767791356353
34.1911310883042
34.1945653145501
34.1962539115713
34.1990978136312
34.2014803047286
34.2078363869089
34.2152249887262
34.2257252004385
34.2312163535383
34.2350844715375
34.2582351034584
34.2677774183054
34.2691722660589
34.2862176826951
34.2978607378977
34.314326020131
34.3159355401676
34.3573549792901
34.3650077224751
34.3901603845021
34.3960293292242
34.4100510677584
34.4102685307165
34.4124835836436
34.4320875109183
34.432423483329
34.4668442743567
34.4728205778884
34.4732518306264
34.4889751083787
34.5091374166079
34.5111548853853
34.5125975227769
34.5214572108599
34.5248707836275
34.5501531883881
34.5529730254938
34.5784029209164
34.5796902648319
34.5859221506187
34.6061578661975
34.6084000066052
34.6163177516116
34.649128223713
34.6590235646466
34.6698683988458
34.6821910687363
34.6949865271388
34.7007443232971
34.7231952279271
34.7322862836071
34.7476973678069
34.7569504690466
34.7612848164358
34.7692143711494
34.7743431330691
34.7883870845522
34.7961448896382
34.8388277905836
34.8422973420039
34.850814662935
34.9102747232407
34.916543099023
34.9247556557283
34.9254462318023
34.9411786355606
34.9550384740004
34.9620601474296
34.9636955754934
34.9970427918057
35.0055282797123
35.0086799237555
35.0427127857211
35.0479144985028
35.0734370284457
35.0758145224588
35.089988610311
35.0932644214484
35.1148137687842
35.1184375145377
35.131979549304
35.1431982662716
35.1611038952356
35.1764779597495
35.182928523638
35.1830505382745
35.2824948882401
35.2877521482505
35.3058836063334
35.3087125117665
35.3348968492344
35.3509045224082
35.3901592730144
35.3935819959159
35.4000433863354
35.4154937178372
35.4246982491796
35.4397421918312
35.4402131841957
35.4724711408493
35.4866500254563
35.4935953924144
35.4976685617727
35.5138020428598
35.5310924227614
35.5461080273129
35.5553056551365
35.5906808669998
35.6226339054949
35.6310374209282
35.632470471806
35.6333037989084
35.6333823980886
35.6394821966256
35.6438754481656
35.6527288107988
35.6736772448565
35.6785159049857
35.7069119185366
35.723030060512
35.7264833458859
35.7499676097109
35.7597675197148
35.7890797907871
35.797159948989
35.8027434055146
35.8060443089202
35.8152463816921
35.8209109378225
35.8566580882362
35.863219182405
35.8761005321626
35.8950900422988
35.9127275199206
35.9210374817111
35.9277270350782
35.9377802686272
35.9417711101938
35.9595971788447
35.9745494209961
35.9986411710787
36.0098126857366
36.0154106168789
36.0179405448417
36.0263605420185
36.0554356241307
36.0581901669744
36.0983302151385
36.1570538194275
36.2051407019994
36.2155018083316
36.2342842148127
36.2487850550062
36.2505870307757
36.2537720940011
36.2555607333923
36.3196141783388
36.3218573202559
36.3303651297868
36.3866072471224
36.405819223139
36.4070233963931
36.4163900359862
36.4775392663725
36.497023227587
36.5221386023198
36.5626261593141
36.5792351066616
36.5810842111732
36.5901558919629
36.6483318403742
36.700946606977
36.7183809393498
36.7212367662325
36.7220323109671
36.7395752183623
36.7418974043004
36.7476211894796
36.7753959560244
36.7925518165141
36.8090604646159
36.8390906085383
36.8816918924026
36.8882909527881
36.8914912510364
36.8926939196606
36.8950555705647
36.8987007209781
36.9015396500074
36.9652390159448
36.967557803652
36.9711262311611
36.9744240323066
36.9867835959466
37.0048332905188
37.0143561117699
37.0174011975796
37.036558836638
37.0386442148237
37.0558311375319
37.0627857740626
37.1008519601313
37.1111754262673
37.1187126901869
37.1196382770156
37.1423156131684
37.1458231161216
37.1510733424585
37.1544596461607
37.1548850958227
37.1925895593629
37.2277644125753
37.2354895664124
37.2442173665565
37.2780393179479
37.3246469020378
37.3314002993391
37.3353552196231
37.3493093827203
37.3507023058117
37.3532838597185
37.3732606064233
37.3798846892974
37.3921010456961
37.3929509957134
37.3937360466536
37.4227126252043
37.4286635955281
37.432342009057
37.4634744211863
37.4691539421687
37.4949526075222
37.4989437065561
37.512363910278
37.515620376306
37.5314156603436
37.5506765122506
37.5597879728817
37.5720363804913
37.5930480587969
37.6077043025556
37.6162859207037
37.6316396481209
37.6379006718663
37.6421091783048
37.6709218948852
37.7715060502746
37.7855791507947
37.7968676001622
37.8099752426078
37.8128099485422
37.8207142249528
37.8237295817549
37.8407799140531
37.8410754112674
37.8450038093471
37.848896693812
37.8586266037094
37.8643807901068
37.885373631046
37.8912314728503
37.8955608697573
37.9222140767996
37.9269863130038
37.9325304194348
37.9384263196032
37.9739891865533
37.9941561728015
38.0387502527627
38.042300009187
38.0634554247977
38.068324510462
38.1214922952985
38.1350376369071
38.1577658497576
38.1590687563739
38.1592096500025
38.1652092801247
38.2326899638757
38.2420068468117
38.2707570530045
38.2762564688264
38.2955919117836
38.3289896902722
38.3541329871512
38.3965261542161
38.4069369216357
38.4248753916056
38.4399276900233
38.4453984595273
38.4608635090862
38.4634250779106
38.4771617251846
38.482943642106
38.5072575349756
38.5081957045874
38.5261338648921
38.5712545550738
38.577577138051
38.6536147330698
38.6606334215601
38.6778253764427
38.7329355738915
38.766888303815
38.8115478074272
38.8220265206437
38.8352884342303
38.8440682951213
38.844989043067
38.8450605555458
38.8468640887265
38.8540780589452
38.8713134954148
38.8732000378952
38.907198339664
38.9168612687662
38.9227279025212
38.9354126279965
38.976937966712
38.9910925449678
39.0093296994588
39.0309786453975
39.0338497581403
39.0619603737193
39.0667259744462
39.0711973420257
39.0785803252755
39.1112675761265
39.1241955942436
39.1286104315851
39.1360540085244
39.156698009861
39.1686944935878
39.217725074444
39.228656991378
39.2582066699875
39.270886259768
39.2720074417338
39.2824429601236
39.3183235049837
39.325758068346
39.3359471322049
39.3405984178195
39.3421334688287
39.4006516462814
39.4079501396135
39.4212816602572
39.4332819587202
39.4589539067789
39.4785586343677
39.4928113943712
39.5088345689582
39.5294317969961
39.6026443881384
39.6152770109237
39.6434296757272
39.6451818866025
39.666609452323
39.6894379816424
39.693178248204
39.7075481574833
39.7132046243748
39.7292552574927
39.729316226484
39.7420010928727
39.7501761819755
39.764767227076
39.776513377983
39.779783287059
39.7912673195882
39.8108397427922
39.8333703625792
39.8447621864592
39.8470348930514
39.8564161310624
39.858281333711
39.8640566258229
39.8771754286777
39.8834330365886
39.8843677814933
39.8944366317249
39.9257063532197
39.9460182651858
39.9619053796864
39.9639508350381
39.9770059325572
39.9861060033805
39.9887773152853
39.9899353181324
40.0230031254123
40.0236117604313
40.0371111745462
40.0474907520018
40.0609597083122
40.0847154584364
40.091732449408
40.1029423902257
40.139431449208
40.1472798314859
40.1475851904513
40.1548624680475
40.1573592917824
40.1705506614091
40.1979865460809
40.2854856272201
40.3056686391377
40.3115574440006
40.3160571425594
40.3485122368368
40.3494918278278
40.3512637220453
40.3613501790586
40.3657416833393
40.4115700548968
40.4197370114901
40.4329043680907
40.4444035846345
40.4592301734998
40.4900152150902
40.5145805012744
40.5200082732527
40.5226754764085
40.5273293918298
40.5302813308894
40.5616382926857
40.5732850274357
40.5749523474514
40.5935381233432
40.6057546104679
40.6613400116982
40.6733114760628
40.7918499867938
40.8045585536567
40.8384912479303
40.8527521545956
40.8632061572188
40.8757231756701
40.8985370616689
40.9115810234522
40.9292582493533
40.9411170112846
40.9622159730524
40.9842310824608
41.032314092261
41.0439666786588
41.105221403434
41.10867390552
41.1268785901888
41.1400712076538
41.166481345335
41.1816031993689
41.1832824867081
41.1861304567575
41.1874484128749
41.2202668768856
41.2429680332524
41.259017150658
41.2670513435389
41.2923167861123
41.3679869501858
41.372759773888
41.3730132533299
41.394379989644
41.4297567552145
41.465435397909
41.4996675717562
41.5030642621087
41.5103814332498
41.5235766450033
41.5373403618127
41.5752277215351
41.5968746760438
41.6210192016187
41.6226495631531
41.6477582324601
41.6666758535354
41.7260711401309
41.7875238542959
41.8333413012277
41.897007527639
41.9341388964594
41.9696745813672
41.9807723665686
41.9877098073957
41.9910598772326
41.9923060912564
41.9951933726356
42.0101392201362
42.0137617282716
42.0254864999701
42.0559585750207
42.057657772448
42.1538302100639
42.1672383628297
42.1870921140066
42.2257664283623
42.2386503724845
42.2397352428305
42.294896192111
42.2976678508761
42.3531332182206
42.357856408409
42.3625096594029
42.4099659316267
42.4102772273926
42.4145511463307
42.4172269448847
42.4223124843497
42.4308735976871
42.430890385328
42.4466651402942
42.4917795608283
42.4920937440708
42.5084155376231
42.5630335424219
42.5639223782126
42.6153072111682
42.6503300996126
42.6567748502698
42.6650244059931
42.6654562228651
42.6658048231187
42.6697902717859
42.7004132908692
42.7006984881814
42.7027434645651
42.7031181647989
42.7453035822197
42.7841923850754
42.800067337087
42.819432484143
42.830789487117
42.8603945343316
42.8682867930212
42.8697111791332
42.9474938500348
42.9865666861617
42.9898182849417
42.9954157438682
43.0941959656545
43.1087853023954
43.13905745301
43.1726415075704
43.215945504817
43.2293992862576
43.2373063253697
43.3004849336807
43.3615520730904
43.4059787515413
43.4476859945378
43.4870970626994
43.499939763126
43.5310259798301
43.5367886413905
43.5659828240307
43.5773994063915
43.6126513603873
43.6301156432005
43.6341966534826
43.6384535477152
43.7036720391321
43.7097939120174
43.7269669632966
43.7550860329996
43.7704118920667
43.7749397625966
43.8021821289105
43.822328175149
43.8437427078163
43.9002328129993
43.9332206883998
43.9717347510553
44.0218358722897
44.0313082748742
44.049961921721
44.0758228597836
44.0996463042586
44.1180156274013
44.1217182598326
44.1286441814536
44.1528208961779
44.2181888587311
44.2473523831734
44.2494292705289
44.2571994123401
44.2816643076627
44.3223858359047
44.3324415750612
44.3607434388707
44.4016211102295
44.4111497301051
44.4149262420962
44.4233971264436
44.4404508814546
44.4418094127679
44.4712439396126
44.5019211042191
44.5040669233943
44.5371228145292
44.6072691326633
44.6249317430885
44.6323603594523
44.6704448126079
44.7226186506671
44.7371764607196
44.8089831070299
44.8128792432943
44.8167641946421
44.9382953235453
44.9650233205285
44.9906976073798
45.0138949976442
45.1237168308181
45.1627089437422
45.2033286935019
45.2059419466636
45.207231787836
45.2328443317376
45.2413822845676
45.2443382305638
45.2693891738601
45.2698711504701
45.3032749300121
45.3059281371678
45.3335707861726
45.3495869092622
45.3519568064995
45.5393052141835
45.5512470029543
45.6657006070573
45.6967570631225
45.7226220676696
45.7296568743535
45.7392584546304
45.8013770857537
45.8053584770154
45.8160202519274
45.8327903593827
45.8838360408387
45.9455580779539
45.9490914314474
45.9498347834442
45.9667856431353
46.0076373691777
46.0419191742953
46.1288020812966
46.1465404432235
46.2142963864948
46.2432040264791
46.331432102595
46.3556996954577
46.3636169458057
46.3777938039061
46.3960167378502
46.4177573744209
46.4187108712749
46.4320939928563
46.4446443164156
46.4676094337096
46.470140123458
46.4912191213029
46.4967106826371
46.5849893880197
46.619052979197
46.6488832929455
46.661458782568
46.680647076593
46.7446456399579
46.8528202072988
46.8897778890783
46.9070758592757
46.9280254191828
46.9970498233473
46.9995874269927
47.0496089380956
47.0818330233931
47.0894395608489
47.1399748616151
47.1413885971
47.2273306360531
47.2758226091012
47.2909510521366
47.3476930573252
47.376340645365
47.4384637058014
47.515785309278
47.5262695742182
47.5350635280452
47.5756762357228
47.5758859587439
47.5771743691281
47.592252881082
47.6421871108247
47.6554362718515
47.7139749312309
47.7168148896422
47.7309017070153
47.8372389365187
47.8546422993093
47.85814864427
47.8706271686264
47.872010045045
47.8967054266708
47.9081327872999
47.9201568643882
47.9460058773294
48.0134320750803
48.02677453056
48.0632540446456
48.0767909826812
48.0910272024553
48.0974345794054
48.1136418859811
48.1152956551361
48.1229862872502
48.1633819287436
48.1712021059468
48.1766235598108
48.1794412700986
48.2012443042803
48.2018716997333
48.2109746968843
48.2201274766844
48.2516416733842
48.2586018325697
48.3297164590425
48.3318093315691
48.3375523351744
48.3622427187296
48.3761920352652
48.3940264640389
48.4177288797655
48.4283524636389
48.4547269740653
48.458281680184
48.4701155507272
48.4824892088913
48.5358218136518
48.5366178302435
48.5734594820724
48.6087541819725
48.6613772897865
48.6720364530876
48.6805220631089
48.731186012741
48.7317292795357
48.7710205412579
48.7898133449815
48.807856988007
48.8705232579045
48.9192835650525
48.9235789432439
48.9689083049592
48.9809472778979
48.9955808035553
49.0193176060951
49.1020822690427
49.1035392623626
49.1366628121636
49.1956469480465
49.2019088654057
49.2829434844923
49.2976788245486
49.2986679551686
49.3249059972868
49.3946176711237
49.4151209891914
49.4610612187602
49.4785289676896
49.5167207661446
49.5424235348905
49.5633615530257
49.5741588241453
49.574392765527
49.6356296872608
49.6622195023413
49.6638322351588
49.7827079013502
49.7939729186225
49.8035602047065
49.8257177571536
49.8258782798343
49.8378948344672
49.8393141016557
49.8667910223801
49.8772464748365
49.8936860382854
49.9159282096816
49.9706587255436
49.9727868879021
49.9747481430211
49.9791145936544
49.9829222256891
49.9848326905033
50.0280929546027
50.0496654367321
50.0500104990579
50.0519572515016
50.0798868996852
50.1035507732364
50.1052448200321
50.1373265883579
50.1754783098549
50.1755021094486
50.2037334178086
50.2422204836522
50.2518662209115
50.261485430867
50.3240154866085
50.3490555936882
50.3594294067183
50.3608713603047
50.3975109122017
50.4264202544641
50.428227885598
50.47699332879
50.4945380358846
50.4946093964352
50.5099117469212
50.5649745766005
50.5978048313286
50.6365844883655
50.6379140497917
50.6583094153749
50.6624324328305
50.6865296989288
50.7171031831614
50.7273059772383
50.7653403759263
50.7886262146544
50.7961521186505
50.7983961389925
50.8075021344803
50.8432336131583
51.00301370577
51.0211009792348
51.0645958629189
51.0860062774133
51.0902704073148
51.1269843243134
51.1896724356748
51.1999631466618
51.2561328829397
51.2601109410046
51.2638472678049
51.2643306073203
51.327748639603
51.3430538076146
51.3882692911596
51.3962043920672
51.3997458159019
51.5142655756963
51.5452438595116
51.5774700388724
51.5787655505482
51.5802274729592
51.6162748486743
51.6195795965226
51.6297739050476
51.6418500430702
51.6445715534081
51.6493650780307
51.6616350358938
51.6705869682476
51.6953691427285
51.7991594276299
51.8076620664289
51.8492800320544
51.8691365193065
51.875180345319
51.8824542072005
51.8866356568028
51.9052825361354
51.9595665575652
51.9994761772992
52.0370619169064
52.0798084577899
52.0891792373546
52.1084800341289
52.1147498275098
52.1217980114171
52.1259706441685
52.2040656697792
52.2096772416271
52.2260340821429
52.2535522793763
52.2772598185508
52.2964096399836
52.301609462682
52.335932710652
52.3677045305583
52.3858940444717
52.387679898357
52.3956966064829
52.3985713667024
52.4232748911063
52.4295444029031
52.4685045171767
52.4774448545351
52.5099750879083
52.519431706363
52.5273043918943
52.5384117487245
52.5750120776262
52.5764999339114
52.6177074863096
52.6493437180623
52.6869490902889
52.6901549485846
52.6915818122168
52.7144554327998
52.7261198219287
52.7534610310811
52.7576554366666
52.7595951759399
52.7742979756662
52.7955299572185
52.8619045306453
52.8690198058207
52.8940601776998
52.8979627163822
52.9221788997698
52.9284281752934
52.9317621611978
52.9448084484633
52.961270222787
52.9624005022504
52.9848232926497
53.0036425978741
53.0596099855597
53.0673823865475
53.113924630678
53.1613691744753
53.1981765743656
53.2005718447036
53.2030858801148
53.2459502791751
53.3219849238135
53.3356878717902
53.3745059324012
53.3904595744091
53.3958272482288
53.419788276254
53.4387133339673
53.4543135730727
53.5292278010066
53.591155047153
53.617659435694
53.6682962442721
53.6758473576462
53.6882834919305
53.6889543812028
53.7202199376986
53.7531728124765
53.8203134639639
53.8451425116959
53.8551942698814
53.863958010524
53.8874515616287
53.9140156957605
53.9358514752139
53.9408514931246
53.9469564695365
53.9784936194393
53.9798655521042
54.0002171563887
54.0385389550498
54.0449698765916
54.0539390892936
54.0827673471816
54.2726653661852
54.2740390935243
54.2816112314091
54.2899422470937
54.3030157146338
54.3100945098448
54.3257520039355
54.3445525972891
54.353175710704
54.4999258965629
54.5067238579024
54.53501318509
54.5424788515037
54.5516606509146
54.5755421767981
54.5923500365733
54.6227431322638
54.6693754628277
54.6821118040037
54.6870719546097
54.6984903626184
54.7328241391425
54.7744160716641
54.790872443791
54.8038051763792
54.8137769450956
54.8249506120467
54.9014678679659
54.9095498337296
54.9733002114273
54.998947609329
55.0057032376619
55.0752058770456
55.0822797726186
55.0842059012768
55.1018350084252
55.1600902369986
55.2045347332353
55.2626629558776
55.2666991746229
55.2673424178319
55.2804861937419
55.5058406261704
55.5378720683119
55.568754782676
55.6241758294496
55.6609358172035
55.6879023932546
55.7693480027904
55.828280860011
55.8695639259657
55.8733623042808
55.8840826799564
55.9284343036817
55.940640324548
55.961295511897
55.9873491918829
56.0154425041589
56.0207730643949
56.0232610791012
56.0602099408021
56.1157031446551
56.1928999561706
56.197931217809
56.1984821127861
56.2112599608923
56.216652275256
56.2682879238464
56.2744687667344
56.2921922768205
56.3039446996255
56.317813811332
56.327743184495
56.3662973032922
56.3943326556869
56.455257342599
56.5054071188742
56.5304456244242
56.5315078310375
56.5796840568564
56.6322379193996
56.6383931072841
56.644081927376
56.6480019567717
56.6683741550632
56.6835168893392
56.6974496236365
56.7141905340616
56.7322127178607
56.7845456005644
56.7961513197147
56.7987208373689
56.8293429304534
56.8450268409144
56.8545983834464
56.8662216757133
56.8874131176918
56.9285692847717
56.9809584175934
57.0392449713317
57.101961012209
57.1128371809219
57.1370346403345
57.1562046182226
57.1999430550615
57.2144446149422
57.2224707347417
57.2875289282456
57.303326485462
57.3235421266639
57.3302163157995
57.3504142896761
57.3683585531896
57.3810955388436
57.3958880388793
57.409502594348
57.471756856354
57.4750224488335
57.4850255121032
57.5007989463182
57.5012915447126
57.5057070131107
57.5392651993569
57.5739740363036
57.5850611947973
57.6073201295852
57.6108731943346
57.6156627213401
57.617744267651
57.6339628012521
57.6720893033926
57.697153423046
57.7314787247639
57.7426825654893
57.7803520450687
57.786961235351
57.7888266842324
57.9026890945753
57.9137073011143
58.0195353486758
58.0387793638901
58.0555088470085
58.074256547835
58.1022560576217
58.1046645766288
58.1298143261685
58.1789126143837
58.2261443079938
58.2834899966225
58.292124731414
58.3036591562456
58.3116733027064
58.3295060761637
58.3330558835337
58.3405825303725
58.3474733804105
58.3780245381602
58.4013858553134
58.4219492834643
58.4412272205995
58.4530721889935
58.4570498987859
58.4976930544122
58.5327925207124
58.5432068808596
58.5432649621677
58.5508464021574
58.5693826003783
58.6062710520845
58.6217290758515
58.6285040927743
58.6450950067233
58.6684523133979
58.7144375194894
58.7222180792519
58.7550847131676
58.7904033054408
58.8062327642459
58.8242372666417
58.8385284835855
58.92879689588
58.955927504165
58.9724629566374
58.9770341071312
58.9791190056788
59.0336966874081
59.0659158641756
59.0869736270747
59.1056668672708
59.1152275854748
59.1680117609207
59.1747291573885
59.1800419538719
59.1924355517537
59.1954891851938
59.242070397747
59.2774615965887
59.3097067082324
59.3358924148894
59.3500157293404
59.3631804038456
59.4097552751811
59.4114887763801
59.4195883106376
59.4225522574478
59.4547317682289
59.4830248682201
59.6377581924217
59.6875044617419
59.8793394692868
59.9146988316726
59.9195696861492
60.0718727029895
60.1954910179857
60.2509383591833
60.2517611185107
60.2858455741605
60.293333933693
60.3068664401515
60.3422915393496
60.3579941251776
60.40270206299
60.4197499819802
60.4509767265396
60.4519125797159
60.4719057156525
60.505486047637
60.5356459525195
60.5467896228188
60.5976473592888
60.6390652842986
60.6447083302372
60.6724289911733
60.702450429432
60.749751594246
60.9558265403336
60.9675370935024
60.9803502989867
60.9919361011944
61.125418207344
61.1330191715035
61.144294303218
61.164645837945
61.1831534366869
61.1981751085297
61.2458217572771
61.2878103886025
61.3048155340743
61.3558085321317
61.3876447154355
61.3947093368942
61.4017763648234
61.4030424631728
61.4933930552646
61.4997909175297
61.5110426909499
61.5380883634011
61.5852157355568
61.6405504746693
61.6534373898672
61.6935256816639
61.7689981314466
61.8030845975715
61.8163282094988
61.8174863998508
61.825975183696
61.8930015200837
62.0260284493548
62.0271764215707
62.0320755970037
62.079984281386
62.1429204427864
62.1442204397166
62.171212538116
62.1960084391583
62.247801969819
62.264246859692
62.2779692990228
62.3114876143143
62.3560928050585
62.3593555944188
62.3679657169245
62.3724392853228
62.420824420214
62.4806263988464
62.4831811478819
62.4908432983139
62.5563336147004
62.6409263298114
62.6503576188681
62.7523034205225
62.7968373199635
62.8173523732224
62.834336848164
62.8535541959309
62.8697349445979
62.8972602477439
62.9015103769628
62.9735695680112
63.0107722303471
63.0572458069043
63.2387683143035
63.2494270877294
63.2695643751296
63.284503495453
63.3020128099861
63.3915741489126
63.4381682186259
63.458758740638
63.4747067546318
63.5010145611325
63.5017987251811
63.5403126994764
63.6006701239414
63.7070175041426
63.7152685554415
63.7624079327245
63.7819502349042
63.807376366704
63.8198352320303
63.8754943687695
63.945686168745
64.0283685639291
64.060826218786
64.1888672745791
64.2390382514954
64.3338978715967
64.3584325031761
64.3818700769771
64.3868408795586
64.4818938389211
64.7553009882092
64.759445206203
64.7929342631573
64.8023856604928
64.8492586382719
64.851668231754
64.9305724362601
65.0659897576396
65.1664315078155
65.239358950057
65.2590491207377
65.3747400869429
65.4915348535991
65.5086004200674
65.5874843188753
65.5992938982914
65.6005099091185
65.6534553614811
65.8711066825704
65.8782082434394
65.9394183447523
65.971554021692
66.0218789562304
66.0844522619471
66.1121346068243
66.1225980440712
66.1295548909047
66.2617432181562
66.3490394679191
66.4194819286007
66.4467143241832
66.4610727913198
66.5067218456173
66.5354681284287
66.5881698957433
66.6172711219078
66.7228836069583
66.8535494440253
67.0877555198217
67.217860079139
67.2731695901908
67.3589371474928
67.4157683515009
67.5398056965584
67.5781210335884
67.6067309839963
67.6224495637885
67.7538810968347
67.7684632706122
67.842098848888
67.8448770750716
67.94139896682
68.224790043285
68.2338055871443
68.2870431510498
68.2929314129519
68.4301761206063
68.5700280478994
68.841682772704
69.0079722259184
69.0467025314745
69.0653895966301
69.0704886940757
69.0832219549805
69.1548323720536
69.3050474007847
69.3811692028547
69.4607904607399
69.6906529862591
69.698229320097
69.9487501053999
70.0048859423001
70.1771918601772
70.1908995141374
70.5988682907401
70.6558255655642
70.8995683531553
71.0018141678583
71.2850222695645
71.4720564184937
71.5010925290145
71.5693544318685
71.6611726301875
71.900445025452
71.9357491809948
72.2275475480577
72.6848909961454
72.7568346481572
72.8202139793773
74.0211106743737
74.1691582607657
74.5682434531724
74.7327573351662
